3378.820205
1105.119863
528.597032
0
876.6752283
3876.537671
7732.304224
8167.391553
9082.164954
7061.226027
3036.58847
910.5188356
490.5165525
124.3441781
1146.584475
4265.575342
8206.001142
8701.311073
9632.224886
7610.606735
3579.803082
1426.356164
963.321347
555.5388128
1557.817922
4683.846461
8642.205479
9155.376142
10096.13642
8094.172374
4074.085616
1932.789954
1467.674087
1059.69121
2082.679795
5325.452626
9492.327626
10290.28482
11541.24772
9844.94863
6148.84532
4380.809932
4326.526826
4317.892123
5628.149543
8947.030251
12997.82877
13521.76998
14433.52797
12348.96119
8180.227169
