28178
35843.16667
37590.75
36161.25
28341
37730
39025.5
36573.58333
28448.75
37475.25
38432.33333
36208.66667
28187.08333
37077.33333
38408.16667
36169
28284.5
37093.91667
38281.08333
35916.5
28175.91667
35950.16667
36936
34975.5
27778.16667
34612.41667
36105.5
34882.5
28007
36464
38058.91667
36048
28532.5
37741.75
38925.16667
36201.5
28632.41667
36261.33333
37648.25
35751.91667
28445.66667
37203.33333
38259.91667
35575.33333
27961.66667
35824.66667
36926.33333
34754.08333
27352.66667
33700.5
34995.16667
